41.3808 2.16382
41.403633 2.174359
41.37116 2.151741
41.42567126 2.18089271
41.4160549 2.128246
41.3833 2.18333
41.3893031 2.1680954
41.37918795 2.15022183
41.38255963 2.14730975
41.3833 2.18333
41.40308071 2.15815902
41.43984824 2.19865136
41.38335792 2.17777292
41.3833 2.18333
41.38174 2.17158
41.43270289 2.15503234
41.3833 2.18333
41.38414 2.17074
41.3714289 2.1352135
41.38991 2.14675
41.38427 2.17115
41.381745 2.171582
41.3879 2.16992
41.37135396 2.15160308
41.39967 2.20321
41.37961015 2.19303846
41.38666667 2.17
41.38444017 2.17619419
41.38401 2.16342
41.40384119 2.17477798
41.4090519 2.1780787
41.37479 2.16872
41.38427 2.17115
41.3833 2.18333
41.3714289 2.1352135
41.37191 2.13707
41.38441142 2.16136958
41.380896 2.12282
41.4 2.15
41.3833 2.18333
41.3833 2.18333
41.381745 2.171585
41.381745 2.17158
41.38441142 2.16136958
41.3833 2.18333
41.39036742 2.17662448
41.39142786 2.16598555
41.4024 2.18743
41.3887 2.15816
41.384445 2.133314
41.38666667 2.17
41.369329 2.174526
41.36843821 2.19004625
41.38277778 2.17694444
41.37982236 2.19345802
41.38182954 2.16260198
41.408544 2.177707
41.38389 2.1668
41.39415457 2.14993637
41.3833 2.18333
41.4024 2.18743
41.4002 2.15756
41.3879 2.16992
41.38045196 2.17397254
41.38388889 2.17638889
41.40407637 2.1751193
41.37986979 2.11816436
41.3879 2.16992
41.38455577 2.16959709
41.3833 2.18333
41.39879 2.17125
41.40029 2.15344
41.38620833 2.17556667
41.38414 2.17074
41.3833 2.18333
41.42944 2.18723
41.38745056 2.19827853
41.3879 2.16992
41.4 2.15
41.3833 2.18333
41.38525334 2.17468193
41.39792 2.1578
41.3833 2.18333
41.3833 2.18333
41.38708 2.19657
41.403631 2.174356
41.3833 2.18333
41.38053429 2.12204847
41.3833 2.18333
41.4175 2.19833333
41.3833 2.18333
41.3917 2.16496
41.3833 2.18333
41.38605 2.16446
41.39861111 2.13111111
41.38519684 2.14606762
41.38982 2.16418
41.38642 2.17564
41.3833 2.18333
41.39294 2.16834
41.403629 2.174355
41.39334048 2.14599107
41.39634 2.1923
41.3833 2.18333
41.3833 2.18333
41.3833 2.18333
41.39246 2.1783199
41.3667 2.13333
41.44018558 2.19814241
41.3759513 2.1772682
41.40619 2.13501
41.4325485 2.18924
41.3879 2.16992
41.37956008 2.16623872
41.39774 2.19108
41.4 2.15
41.38564687 2.16877601
41.37918795 2.15022183
41.39108087 2.18057156
41.3753427 2.17905355
41.38388889 2.17638889
41.40063331 2.15669031
41.37856 2.17245
41.403631 2.174353
41.3879 2.16992
41.38369432 2.1360025
41.37510289 2.19041804
41.3833 2.18333
41.3879 2.16992
41.371163 2.151736
41.381788 2.183491
41.37606277 2.14902639
41.42151801 2.11916101
41.38196331 2.1720039
41.38796072 2.20124716
41.38019504 2.12029734
41.3833 2.18333
41.3833 2.18333
41.39778 2.16569
41.40361384 2.19797117
41.39812 2.19576
41.381744 2.171581
41.4090519 2.1780787
41.3847 2.16957
41.3833 2.18333
41.386 2.1806
41.3960999 2.15953
41.3833 2.18333
41.40407637 2.1751193
41.3845126 2.1581092
41.40384119 2.17477798
41.44027778 2.14555556
41.37116 2.15174
41.40384119 2.17477798
41.3879 2.16992
41.38427 2.17115
41.3833 2.18333
41.3833 2.18333
41.38967545 2.1352194
41.3833 2.18333
41.39459 2.14903
41.377302 2.191601
41.39239797 2.15149883
41.3845 2.17879
41.40363 2.174356
41.371164 2.15174
41.3833 2.18333
41.371161 2.151739
41.37688 2.1776
41.40655 2.16041
41.385064 2.173403
41.3833 2.18333
41.4192 2.09948
41.38262895 2.18168736
41.3667 2.13333
41.38263 2.16651
41.39949 2.15429
41.4057 2.1668599
41.38895151 2.15109575
41.39360304 2.16195816
41.3667 2.13333
41.4 2.15
41.3712562 2.15959242
41.38388889 2.17638889
41.386427 2.161674
41.3833 2.18333
41.40233 2.19978
41.37960345 2.17582811
41.41907088 2.16162572
41.40148 2.16927
41.3689 2.17233
41.371167 2.151739
41.384445 2.133314
41.3826279 2.1634417
41.3879 2.16992
41.37965 2.17074
41.3833 2.18333
41.3833 2.18333
41.38575 2.15812
41.42151801 2.11916101
41.38602816 2.17044297
41.4079 2.13626
41.40148 2.16927
41.377302 2.191601
41.39117 2.16663
41.3879 2.16992
41.38897638 2.16989975
41.39533 2.15262
41.39533 2.16934
41.40384119 2.17477798
41.3833 2.18333
41.43341887 2.18611655
41.38666667 2.17
41.41361111 2.15277778
41.3879 2.16992
41.37477 2.1703199
41.3825 2.17694444
41.3879 2.16992
41.3833 2.18333
41.3879 2.16992
41.3871 2.16244
41.369329 2.174526
41.40493 2.1925
41.384445 2.133314
41.40407637 2.1751193
41.3863 2.15982
41.405882 2.148317
41.39861111 2.13111111
41.3833 2.18333
41.4427499 2.20022
41.3833 2.18333
41.38906 2.16738
41.38667796 2.19966888
41.39442109 2.1468401
41.3833 2.18333
41.36861245 2.19006658
41.37121167 2.14934167
41.39681328 2.15231982
41.3960999 2.15953
41.36561 2.171
41.40162126 2.1386234
41.39687 2.19127
41.40445 2.15505
41.3751501 2.16123819
41.38174 2.171585
41.3879 2.16992
41.3833 2.18333
41.381741 2.171585
41.40254777 2.18794429
41.39967 2.20321
41.38059457 2.18343476
41.3833 2.18333
41.3879 2.16992
41.3833 2.18333
41.38575 2.15812
41.3833 2.18333
41.3833 2.18333
41.40445 2.15505
41.3833 2.18333
41.3879 2.16992
41.43150868 2.18123607
41.371158 2.151738
41.41604167 2.17436389
41.41277094 2.12058963
41.3917 2.16496
41.3833 2.18333
41.37591 2.14988
41.40236 2.2119
41.40384119 2.17477798
41.41097 2.18658
41.39132 2.19992
41.3850639 2.1734035
41.3871 2.16244
41.41480637 2.16532469
41.3833 2.18333
41.403633 2.174354
41.37371703 2.18027115
41.38019504 2.12029734
41.37916667 2.14027778
41.3833 2.18333
41.3687841 2.18966671
41.3887 2.15816
41.38090959 2.15455525
41.38666667 2.17
41.38697 2.17786
41.381743 2.171585
41.3847 2.16957
41.4002 2.15756
41.3833 2.18333
41.37135396 2.15160308
41.3745384 2.1574399
41.391111 2.180556
41.3667 2.13333
41.3833 2.18333
41.40407637 2.1751193
41.37143511 2.18839453
41.37307294 2.15121746
41.3833 2.18333
41.3833 2.18333
41.4090519 2.1780787
41.3833 2.18333
41.39867056 2.16351271
41.38019504 2.12029734
41.41396162 2.15309752
41.37511816 2.18342773
41.37569401 2.17922095
41.38388889 2.17638889
41.39434351 2.15157265
41.4090519 2.1780787
41.37455433 2.14971542
41.38567462 2.19740259
41.388111 2.187517
41.3879 2.16992
41.3788 2.16296
41.381741 2.171586
41.38519684 2.14606762
41.4057 2.1668599
41.38196331 2.1720039
41.3833 2.18333
41.38666667 2.17
41.39774 2.19108
41.37323 2.14997
41.37747967 2.17090601
41.38090959 2.15455525
41.3833 2.18333
41.371161 2.151744
41.38401 2.16342
41.38427 2.17115
41.3714289 2.1352135
41.3712562 2.15959242
41.3771 2.11496
41.3879 2.16992
41.368532 2.153567
41.38406 2.15428
41.3842 2.15638
41.3714289 2.1352135
41.371161 2.15174
41.3833 2.18333
41.3833 2.18333
41.3879 2.16992
41.3850639 2.1734035
41.371169 2.151742
41.369329 2.174526
41.42585251 2.17836338
41.38918 2.17965
41.3833 2.18333
41.3833 2.18333
41.3879 2.16992
41.38019504 2.12029734
41.37918795 2.15022183
41.3875151 2.17492819
41.3833 2.18333
41.39279 2.14569
41.3833 2.18333
41.3879 2.16992
41.3833 2.18333
41.3761 2.15415
41.3833 2.18333
41.38401 2.16342
41.41396162 2.15309752
41.42585251 2.17836338
41.397906 2.16389894
41.38995 2.18656
41.42151801 2.11916101
41.3879 2.16992
41.42441714 2.19229907
41.3879 2.16992
41.39960131 2.2144168
41.377302 2.191601
41.381739 2.171586
41.3833 2.18333
41.3833 2.18333
41.3833 2.18333
41.3917 2.16496
41.3833 2.18333
41.397598 2.19122
41.40663 2.1729
41.39861111 2.13111111
41.3841587 2.2003397
41.38908 2.17052
41.39687 2.19127
41.44577423 2.17726693
41.402417 2.163444
41.39210609 2.162075
41.3842 2.15638
41.3833 2.18333
41.39434351 2.15157265
41.38053429 2.12204847
41.3833 2.18333
41.39117 2.16663
